m

Atticus 128, 23.
Augustodnnenses 125, 21.
Augustus imperator 11, 9. 83,
27. 166, 26. 168, 27. 170,
18. 200, 17. 261, 13. 281,
17. 301, 4.

Bagandicus 119, 11.

Baianus lacus 76, 26. -ι sinus
170,18.

Balio 296, 24.

Β616616131, 18. 134, 14. 161,
14. 163, 22. 211, 22.
Belgae 182, 22.

Belgica 186, 24.

Bellonacum solnm 147, 28.
Bessus 296, 16.

Bibracte 192, 10.

Blemyes 116, 7.

Β666616666 oppidum 163,16.
Bosforanus 291, 8.

Britanni 140, 10. 146, 10.
297,1. ⁷
Britannia 129, 18. 131, 18.
134,14. 138, 26. 139, 22.
140, 5. 141, 30. 142, 30.
144, 19. 146, 4, 21. 147, 13.
163, 21, 27. 166, 21. 166, 26.
211, 26. 276, 6. 306, 27.
Britanniae 161, 19.
Β111666166 61616116 148, 2. -
trophaea 164, 27.

Brixia 231, 26. 232, 9,
Β11161611169, 11. 227, 7.
Brutus, Lucius 268, 29. 289,
9. - Bruti 60, 12.
Burgundii 114, 24.
Burgundiones 93, 1. 116, 1.

cabillonensis portus 174, 20.
066661, 0.1111., 176, 17, 21.
182, 13. 197, 7. 204, 16.
287,16. 313, 8.

caledones 166, 1.
0611616666 114, 18.
06166666122, 1. 123, 20.

, Camillus 13, 8. 60,12. 100,

· 31.

INDEX.

Campania 274, 18.

Cannae 110, 8. 313,17.
06666666 6161616 288, 3.
Canopus 301, 12.

Capitolium 6,12. 16, 26. 20,
21. 42, 7. 88, 13. 100, 9.
123,10. 168, 4.
Capitolinus 16, 17. 47, 12.
87, 20. 100,16. 164,26. 172,
16. 279, 14.
cmmmfflm
Carthago 96, 23.

06616166 306, 32.
06161666166 6161166 183, 12.
0616 191, 4. - 0616666 100,
31. 263, 22. 271, 26. 313,
12.

Catuli 277, 12.

Caucasus 301, 14.

061166 182, 21.

06166 128, 8. 166, 29.
0116166666 93, 2,11,26, 107,
0116166666 138, 18, - 0116-
6161112217.

Cherusci 227, 8.

Cicerones 313, 13.

01111292, 7.

01666 208, 14,

0166661 11116166 313, 6.
Claudius 11,10.

Claudius 161, 8. 181, 22.
183, 3.

Cleopatra 300, 28.

Cloelia 206, 26.

066166 206, 24.

Colchus 283, 26.

0611166 porta 208, 18. 313, 17.
0666166116 307. 28.
Constantinopolis 266, 27.
Constantinus 148,19. 149,19.
160,18, 151,1. 152, 23. 164,
7. 166,20. 168,21, 161128.
160, 26. 161, 22, 166, 26.
167, 27. 170,12. 171,10,
173, 1, 13. 176, 6. 177, 10,
29. 178, 23. 186, 23. 194, 6.
196, 26. 198, 1. 206, 21.

 

