INDEX.

Rhenus 13, 23. 59, 21. 77, 2.
91, 14. 95, 2,6, 18, 20. 107,
1. 129, 25. 130,12. 133,17.
137, 19. ,141, 16, 151, 15.
154, 17. 164, 17. 168, 15,
22, 28. 170, 2, 5. 174, 16.
181, 13, 182,16. 194, 9,18.
196, 25. 209,1,13,26. 210,
6, 275, 3.

Rhodanus 174, 28. 175, 2.
181, 19. 182, 14.

115155 90, 8,17. 99, 31, 100,
26. 111,17. 128, 18. 141,
26. 154, 29. 156,13,17. 198,
18. 203, 7. 204,17, 206,19.
208, 13. 211, 30. 215,11,16.
218, 4, 21. 223, 5, 10. 225,
21. 233, 22. 235, 24. 236,
32. 240, 24, 241,16 244, 6.
256, 21. 313, 3. 314, 2, 21.
1155155515 55515. 95, 211147,
6.- Romana (plur. neutr.)
132, 24.

Romanus 55551. 143, 28. -
11515551 114, 21. 140, l. 146,
18. 164, 8. 182, 23.
11515555 551151115 168, 10.
Romanae aquilae 77, 4.
11551555 51515 140, 12.
Romanum bellum 225, 2.
1151555511 5551555116, 19.
11551551 carminis auctor (En-
nius) 114, 9.

Romanus circus 178, 15.
11551555 ciuitas 32, 30. 33, 1.
Romana dignitas 289, 17.
1151115555 dux 12, 2. 121, 21.
—- ·i 115555 275, 15. 291, 18.
11551555 eloquentia 130, 20.
141, 29.

11555555 exereitus 150, 4.
182,18. 299, 5.

11515555 151151155 243, 1.
11515555 fraternitas 148, 7.
182, 7.

Romanus hostis 300, 10.
1151555515 imperium 90, 12.

Pane. m.

321

94, 32, 112, 22. 143, 28. 158,
19. 159,11. 161, 8. 164,11.
168, 1. 18217. 193, 8. 236,
24. 246, 15. 256, 11. 283,
25. 312,11.
11515555 ingenia 193, 2.
1155155515ρο 140, 18.
11515555 11551155 249, 5. 289,
8,18.
Romanus 111555 96, 10.
11515555 lux 129, 20. 139, 4.
273, 5.
11515555 1115155155 181, 29.
Romana magnitudo 243, 20.
11515555 55555304, 13.
11515555 mater 288, 2.
1155151155 511155 211, 2,
1151115555 155155 300, 23.
Romanae nationes 163, 25.
Romanum 555155 23, 17. 90,
32. 92,18. 181,15. 273, 7.
277, 11. 291, 9. 303, 13.
11515555 5551115 251, 2.
Romanus 5151510623. 139, 14.
11551555 5115 292, 8.
11515555 plebs 22, 31. 28,12,
195, 32.
1151115555 55515 (Uergilius)
113, 3.
1151115555 5555155 2, 23. 7, 12.
fficanzffin
83, 2. 90, 15 119, 9. 154,
24. 16014. 178, 8. 181,18.
182, 3. 206, 14, 29. 207, 20.
211, 27. 236, 22. 240, 29.
256, 29.
11515555 potentia 35, 22. 134,
16. 144, 25.
1151115555 51155555 119, 12. -
11551551 5115515115 115, 14.
Romanae prouinciae 95, 3.
11551555 res 130, 18. 140, 6.
149, 24. 273, 23. 307, 6.
11551555 respublica 147, 4.
151, 32. 159, 3. 269,1.
11551555 1155 77, 4.
11515555 signa 77, 4. 140,12.
154, 16. 300, 9.

21

 

