318

Gallienus 139, 3.

Gargara 274, 17.

Gauranus mons 274, 19.
0111114, 28.

Gennoboudes 97, 19.

. 01111111164,16. 182, 9.
Germania 9,12. 13, 28. 14,
11, 94, 30. 96, 10. 114, 17.
134, 13. 164, 19. 209, 10.
247,13.

Germanicus udi. 96, 18. 106,
1116111.

Germanicus (rit.) 9, 13, 18.

- 13, 21.

Gesoriacensis 136, 28. 142, 7.
Gipedes 114, 27.
Glaucus 128, 22.
Gomphi 197, 6.
Gomphenses 197, 12.

0116111139, 17. 281, 6. 300,
13. — Gothi 114, 24, 26,
, 161, 10. 291, 10.

Gracchus 168, 26,

Graeci 176, 12.

., Graeci poetae 98, 6.
0111111121, 29, 146,14. 196,
7. 210, 28. 260,19.
Graeculus magister 13, 13. -
Graeculi 176, 20. 197, 8.
Gratianus 293, 13. 297, 6.
309, 27. ·
Guntiensis 133, 17.

Hadria 261, 7.
Η61111111111274, 24. 281,17.
Haemona 304, 17.
Η11111111281,7. 300, 13.
Hannibal 96, 24. 109, 22, 28.
168, 32. 204, 21. 278, 12, 19.
299, 27.
Hellespontus 170, 16.
Heraclidae 96, 27.
Hercules 89, 21. 90, 3, 19.
92, 20. 98, 23. 100, 19, 22.
104, 2, 109, 26. 113, 13.
114, 6. 122, 6, 7, 23. 130, 1.
134, 19. 164, 11. 166, 28,
226, 14. 241, 23. 274, 27. -

INDEX.

Heraclea 121, 30. - Uictor
104,14. - Monoecus 106, 8.
- Μ1111111111121,26. η’,

Η1161111111122, 6, 7, 19. 123,
30. 127, 17. 134, 20. 160,
12.

Herculeum 1161111189, 21. —-
-ea gens 97, 14,-1111611111
100, 12. - -11 labores 311,

Hiberia 109, 27.

Hiberni 140, 11.

Hibernia 166, 2.

Hiberus 90, 20. 280, 6.

Hispana tentoria 278,12. -
11611280, 3.

Hispania 13, 28, 14,11. 146,
27. 181, 29. 274, 2, 19, 29.

. 306, 28.

Hispaniae 226, 22.

Hispanus 293, 16.

Hister 91, 12. 107, 2. 129,
26. 161,11. 260, 6. 261, 6.
276, 6. 280, 6, 301, 16.
Honor 121, 22.

Hortensii 271, 27. - Horten·
sius 287, 14.

Η111111111281, 7. 30013.

Ianiculum 279, 21.

11111111 182, 1.

Illyricum 171, 19. 196, 7. 249,
14. 261, 26. 281, 9. 306, 21.
Illyrii 228, 27.

Indicus mercator 124, 29. -
Indici triumphi 311, 26.
Indus 97,16. 13613- 111111
167, 10. 291, 7.

Ionius 123, 30. 127, 17. 134,
19. - Iouia Roma 100, 12,
1111166,19.

Italae matres 110, 4.

Itali 176, 12.

111111 90, 33. 96, 26. 103, 7.
106, 10. 110, 1,10. 126, 23.
139, 10. 146, 27. 166, 13.
171,19. 196,11. 198, 4.
203, 7. 207, 19. 211, 7, 29.

 

